1 2 950 680 131 103 -1 -1 -1 0 
1 1 1129 682 111 81 -1 -1 -1 0 
2 2 950 680 133 104 -1 -1 -1 0 
2 1 1129 682 111 81 -1 -1 -1 0 
3 2 950 676 133 105 -1 -1 -1 0 
3 1 1129 681 111 79 -1 -1 -1 0 
4 2 950 675 132 106 -1 -1 -1 0 
4 1 1129 679 111 79 -1 -1 -1 0 
5 2 950 675 131 105 -1 -1 -1 0 
5 1 1130 677 112 81 -1 -1 -1 0 
6 2 950 675 132 106 -1 -1 -1 0 
6 1 1129 678 111 81 -1 -1 -1 0 
7 2 951 676 130 105 -1 -1 -1 0 
7 1 1129 679 111 80 -1 -1 -1 0 
8 2 951 675 131 105 -1 -1 -1 0 
8 1 1129 678 112 80 -1 -1 -1 0 
9 2 953 673 129 105 -1 -1 -1 0 
9 1 1132 674 112 83 -1 -1 -1 0 
10 2 953 670 130 107 -1 -1 -1 0 
10 1 1132 673 113 83 -1 -1 -1 0 
11 2 953 671 130 106 -1 -1 -1 0 
11 1 1130 674 114 82 -1 -1 -1 0 
12 2 954 670 131 106 -1 -1 -1 0 
12 1 1132 671 113 84 -1 -1 -1 0 
13 2 953 667 130 105 -1 -1 -1 0 
13 1 1131 668 115 83 -1 -1 -1 0 
14 2 953 662 130 106 -1 -1 -1 0 
14 1 1131 665 115 82 -1 -1 -1 0 
15 2 954 656 130 105 -1 -1 -1 0 
15 1 1131 659 115 82 -1 -1 -1 0 
16 2 954 655 128 104 -1 -1 -1 0 
16 1 1131 658 115 82 -1 -1 -1 0 
17 2 954 656 129 105 -1 -1 -1 0 
17 1 1131 659 114 82 -1 -1 -1 0 
18 2 954 653 126 105 -1 -1 -1 0 
18 1 1130 672 115 67 -1 -1 -1 0 
19 2 951 661 129 105 -1 -1 -1 0 
19 1 1129 664 115 83 -1 -1 -1 0 
20 2 950 668 130 104 -1 -1 -1 0 
20 1 1129 670 114 83 -1 -1 -1 0 
21 3 716 573 97 96 -1 -1 -1 0 
21 2 951 672 130 104 -1 -1 -1 0 
21 1 1128 673 115 84 -1 -1 -1 0 
22 2 950 678 127 103 -1 -1 -1 0 
22 1 1127 680 114 83 -1 -1 -1 0 
23 2 951 679 127 103 -1 -1 -1 0 
23 1 1127 680 114 84 -1 -1 -1 0 
24 2 951 682 128 103 -1 -1 -1 0 
24 1 1128 683 114 83 -1 -1 -1 0 
25 2 950 683 128 105 -1 -1 -1 0 
25 1 1128 684 114 84 -1 -1 -1 0 
26 2 950 683 127 105 -1 -1 -1 0 
26 1 1125 686 117 83 -1 -1 -1 0 
27 2 950 684 127 105 -1 -1 -1 0 
27 1 1125 686 116 83 -1 -1 -1 0 
28 2 949 686 128 104 -1 -1 -1 0 
28 1 1124 687 118 84 -1 -1 -1 0 
29 2 950 687 126 103 -1 -1 -1 0 
29 1 1125 686 117 84 -1 -1 -1 0 
30 2 949 687 127 103 -1 -1 -1 0 
30 1 1128 686 116 85 -1 -1 -1 0 
31 2 949 687 127 103 -1 -1 -1 0 
31 1 1128 686 116 85 -1 -1 -1 0 
32 2 949 691 126 99 -1 -1 -1 0 
32 1 1125 688 118 83 -1 -1 -1 0 
33 2 949 689 126 101 -1 -1 -1 0 
33 1 1128 687 117 84 -1 -1 -1 0 
34 2 949 688 126 102 -1 -1 -1 0 
34 1 1127 686 117 84 -1 -1 -1 0 
35 2 947 683 126 104 -1 -1 -1 0 
35 1 1128 683 117 85 -1 -1 -1 0 
36 2 947 681 127 103 -1 -1 -1 0 
36 1 1128 682 117 83 -1 -1 -1 0 
37 2 945 681 128 102 -1 -1 -1 0 
37 1 1126 680 116 85 -1 -1 -1 0 
38 2 947 681 124 102 -1 -1 -1 0 
38 1 1126 681 117 84 -1 -1 -1 0 
39 2 946 682 124 100 -1 -1 -1 0 
39 1 1126 680 117 84 -1 -1 -1 0 
40 2 944 694 127 86 -1 -1 -1 0 
40 1 1124 683 118 79 -1 -1 -1 0 
41 2 943 677 128 102 -1 -1 -1 0 
41 1 1124 682 119 80 -1 -1 -1 0 
42 4 427 576 202 93 -1 -1 -1 0 
42 2 943 679 127 100 -1 -1 -1 0 
42 1 1125 677 118 83 -1 -1 -1 0 
43 4 396 570 215 97 -1 -1 -1 0 
43 2 943 688 127 91 -1 -1 -1 0 
43 1 1126 676 117 85 -1 -1 -1 0 
44 1 1127 679 117 85 -1 -1 -1 0 
45 4 336 560 236 104 -1 -1 -1 0 
45 1 1127 680 116 84 -1 -1 -1 0 
46 2 943 681 125 101 -1 -1 -1 0 
46 1 1127 683 116 83 -1 -1 -1 0 
47 5 1050 635 102 90 -1 -1 -1 0 
47 2 943 682 125 101 -1 -1 -1 0 
47 1 1127 683 116 84 -1 -1 -1 0 
48 4 221 536 276 129 -1 -1 -1 0 
48 2 940 680 127 102 -1 -1 -1 0 
48 1 1128 682 116 83 -1 -1 -1 0 
49 2 942 681 125 102 -1 -1 -1 0 
49 1 1127 683 117 85 -1 -1 -1 0 
50 2 940 681 127 101 -1 -1 -1 0 
50 1 1127 683 117 84 -1 -1 -1 0 
51 2 939 683 127 99 -1 -1 -1 0 
51 1 1127 682 117 84 -1 -1 -1 0 
52 1 1126 678 119 85 -1 -1 -1 0 
53 2 938 670 127 106 -1 -1 -1 0 
53 1 1126 675 118 84 -1 -1 -1 0 
54 2 938 668 127 105 -1 -1 -1 0 
54 1 1126 673 118 83 -1 -1 -1 0 
55 2 938 665 124 104 -1 -1 -1 0 
55 1 1125 667 119 87 -1 -1 -1 0 
56 2 938 665 124 104 -1 -1 -1 0 
56 1 1125 666 119 88 -1 -1 -1 0 
57 2 936 662 124 103 -1 -1 -1 0 
57 1 1124 664 119 86 -1 -1 -1 0 
58 2 935 661 125 105 -1 -1 -1 0 
58 1 1124 663 117 84 -1 -1 -1 0 
59 2 934 658 125 104 -1 -1 -1 0 
59 1 1124 658 119 87 -1 -1 -1 0 
60 2 931 658 125 101 -1 -1 -1 0 
60 1 1124 657 118 86 -1 -1 -1 0 
61 2 932 663 124 95 -1 -1 -1 0 
61 1 1123 656 118 85 -1 -1 -1 0 
62 2 931 654 124 101 -1 -1 -1 0 
62 1 1121 654 120 86 -1 -1 -1 0 
63 2 931 653 123 103 -1 -1 -1 0 
63 1 1121 655 119 85 -1 -1 -1 0 
64 2 930 654 124 102 -1 -1 -1 0 
64 1 1121 654 119 86 -1 -1 -1 0 
65 2 929 654 125 103 -1 -1 -1 0 
65 1 1122 655 118 87 -1 -1 -1 0 
66 2 929 653 124 104 -1 -1 -1 0 
66 1 1121 655 118 86 -1 -1 -1 0 
67 2 931 657 125 103 -1 -1 -1 0 
67 1 1123 658 116 86 -1 -1 -1 0 
68 2 930 656 123 106 -1 -1 -1 0 
68 1 1122 659 118 86 -1 -1 -1 0 
69 2 928 659 124 105 -1 -1 -1 0 
69 1 1121 660 118 87 -1 -1 -1 0 
70 2 928 661 124 105 -1 -1 -1 0 
70 1 1119 663 120 88 -1 -1 -1 0 
71 2 928 661 124 105 -1 -1 -1 0 
71 1 1120 663 120 88 -1 -1 -1 0 
72 2 929 663 123 106 -1 -1 -1 0 
72 1 1120 666 119 88 -1 -1 -1 0 
73 2 929 662 123 106 -1 -1 -1 0 
73 1 1120 665 120 89 -1 -1 -1 0 
74 2 929 662 123 106 -1 -1 -1 0 
74 1 1120 664 120 89 -1 -1 -1 0 
75 2 927 661 126 105 -1 -1 -1 0 
75 1 1120 662 120 90 -1 -1 -1 0 
76 2 928 660 122 105 -1 -1 -1 0 
76 1 1120 661 120 90 -1 -1 -1 0 
77 2 927 662 124 105 -1 -1 -1 0 
77 1 1120 666 119 88 -1 -1 -1 0 
78 2 927 662 123 105 -1 -1 -1 0 
78 1 1120 666 119 88 -1 -1 -1 0 
79 2 927 660 123 105 -1 -1 -1 0 
79 1 1119 661 120 90 -1 -1 -1 0 
80 2 926 661 124 106 -1 -1 -1 0 
80 1 1119 664 120 89 -1 -1 -1 0 
81 2 926 662 124 105 -1 -1 -1 0 
81 1 1119 664 119 90 -1 -1 -1 0 
82 2 926 664 123 105 -1 -1 -1 0 
82 1 1119 667 119 88 -1 -1 -1 0 
83 2 926 666 123 105 -1 -1 -1 0 
83 1 1118 668 120 90 -1 -1 -1 0 
84 2 926 666 123 105 -1 -1 -1 0 
84 1 1118 669 120 89 -1 -1 -1 0 
85 2 925 673 123 104 -1 -1 -1 0 
85 1 1116 676 120 89 -1 -1 -1 0 
86 2 925 673 123 104 -1 -1 -1 0 
86 1 1116 676 120 88 -1 -1 -1 0 
87 2 925 680 124 99 -1 -1 -1 0 
87 1 1116 680 121 86 -1 -1 -1 0 
88 2 926 680 124 101 -1 -1 -1 0 
88 1 1117 681 120 87 -1 -1 -1 0 
89 2 925 682 127 103 -1 -1 -1 0 
89 1 1117 684 120 86 -1 -1 -1 0 
90 2 925 682 125 104 -1 -1 -1 0 
90 1 1116 682 121 89 -1 -1 -1 0 
91 2 925 684 125 104 -1 -1 -1 0 
91 1 1116 684 121 89 -1 -1 -1 0 
92 2 925 685 125 104 -1 -1 -1 0 
92 1 1117 687 119 86 -1 -1 -1 0 
93 2 925 685 124 104 -1 -1 -1 0 
93 1 1117 688 119 86 -1 -1 -1 0 
94 6 1037 689 51 48 -1 -1 -1 0 
94 2 924 689 125 102 -1 -1 -1 0 
94 1 1116 688 121 87 -1 -1 -1 0 
95 2 924 688 125 103 -1 -1 -1 0 
95 1 1116 688 121 87 -1 -1 -1 0 
96 2 923 688 125 103 -1 -1 -1 0 
96 1 1115 688 121 87 -1 -1 -1 0 
97 6 1034 689 54 48 -1 -1 -1 0 
97 2 923 687 124 104 -1 -1 -1 0 
97 1 1115 687 121 89 -1 -1 -1 0 
98 7 789 672 74 28 -1 -1 -1 0 
98 2 922 688 124 103 -1 -1 -1 0 
98 1 1114 688 121 88 -1 -1 -1 0 
99 7 785 674 76 27 -1 -1 -1 0 
99 6 1036 687 51 51 -1 -1 -1 0 
99 2 922 688 124 104 -1 -1 -1 0 
99 1 1114 688 120 89 -1 -1 -1 0 
100 7 780 673 78 27 -1 -1 -1 0 
100 2 921 688 124 104 -1 -1 -1 0 
100 1 1113 688 121 89 -1 -1 -1 0 
101 2 921 687 123 103 -1 -1 -1 0 
101 1 1112 689 122 86 -1 -1 -1 0 
102 2 919 684 126 104 -1 -1 -1 0 
102 1 1111 689 122 84 -1 -1 -1 0 
103 8 432 475 154 52 -1 -1 -1 0 
103 2 919 682 125 103 -1 -1 -1 0 
103 1 1110 681 122 90 -1 -1 -1 0 
104 8 425 468 159 54 -1 -1 -1 0 
104 2 917 680 127 101 -1 -1 -1 0 
104 1 1110 683 121 84 -1 -1 -1 0 
105 2 918 675 124 104 -1 -1 -1 0 
105 1 1108 676 124 89 -1 -1 -1 0 
106 2 918 673 124 105 -1 -1 -1 0 
106 1 1109 674 123 91 -1 -1 -1 0 
107 2 918 668 124 106 -1 -1 -1 0 
107 1 1107 671 124 91 -1 -1 -1 0 
108 2 917 668 124 104 -1 -1 -1 0 
108 1 1108 669 123 91 -1 -1 -1 0 
109 2 918 668 123 104 -1 -1 -1 0 
109 1 1108 670 123 90 -1 -1 -1 0 
110 2 918 667 123 104 -1 -1 -1 0 
110 1 1108 669 123 91 -1 -1 -1 0 
111 2 918 668 123 104 -1 -1 -1 0 
111 1 1107 669 124 91 -1 -1 -1 0 
112 2 918 668 122 105 -1 -1 -1 0 
112 1 1107 670 124 92 -1 -1 -1 0 
113 2 918 668 122 105 -1 -1 -1 0 
113 1 1107 671 123 91 -1 -1 -1 0 
114 2 917 669 124 105 -1 -1 -1 0 
114 1 1107 671 124 92 -1 -1 -1 0 
115 2 917 670 124 104 -1 -1 -1 0 
115 1 1107 672 124 91 -1 -1 -1 0 
116 2 917 670 124 104 -1 -1 -1 0 
116 1 1107 672 124 91 -1 -1 -1 0 
117 2 918 668 124 104 -1 -1 -1 0 
117 1 1108 670 123 91 -1 -1 -1 0 
118 2 918 668 123 105 -1 -1 -1 0 
118 1 1107 670 125 91 -1 -1 -1 0 
119 2 918 671 123 105 -1 -1 -1 0 
119 1 1108 672 124 92 -1 -1 -1 0 
120 2 918 673 123 104 -1 -1 -1 0 
120 1 1109 674 124 91 -1 -1 -1 0 
121 2 917 675 125 102 -1 -1 -1 0 
121 1 1108 675 125 90 -1 -1 -1 0 
122 2 916 676 126 103 -1 -1 -1 0 
122 1 1109 676 123 90 -1 -1 -1 0 
123 2 916 676 126 103 -1 -1 -1 0 
123 1 1110 677 122 89 -1 -1 -1 0 
124 2 918 675 121 106 -1 -1 -1 0 
124 1 1109 678 124 90 -1 -1 -1 0 
125 2 917 675 123 105 -1 -1 -1 0 
125 1 1108 677 125 90 -1 -1 -1 0 
126 2 915 676 125 104 -1 -1 -1 0 
126 1 1108 676 125 90 -1 -1 -1 0 
127 2 915 675 125 104 -1 -1 -1 0 
127 1 1108 674 125 91 -1 -1 -1 0 
128 2 915 673 125 105 -1 -1 -1 0 
128 1 1108 673 125 92 -1 -1 -1 0 
129 2 914 672 127 105 -1 -1 -1 0 
129 1 1108 671 125 93 -1 -1 -1 0 
130 2 915 669 126 107 -1 -1 -1 0 
130 1 1108 670 125 92 -1 -1 -1 0 
131 2 915 670 126 106 -1 -1 -1 0 
131 1 1109 670 124 92 -1 -1 -1 0 
132 2 915 669 125 107 -1 -1 -1 0 
132 1 1108 670 125 93 -1 -1 -1 0 
133 2 914 669 127 107 -1 -1 -1 0 
133 1 1109 670 125 93 -1 -1 -1 0 
134 2 914 669 127 107 -1 -1 -1 0 
134 1 1109 670 125 93 -1 -1 -1 0 
135 2 916 666 126 107 -1 -1 -1 0 
135 1 1109 668 125 92 -1 -1 -1 0 
136 2 915 665 128 109 -1 -1 -1 0 
136 1 1108 667 127 92 -1 -1 -1 0 
137 10 1456 298 48 58 -1 -1 -1 0 
137 9 428 571 199 98 -1 -1 -1 0 
137 2 915 664 128 109 -1 -1 -1 0 
137 1 1109 667 126 92 -1 -1 -1 0 
138 2 914 663 129 111 -1 -1 -1 0 
138 1 1108 666 127 92 -1 -1 -1 0 
139 10 1472 288 42 57 -1 -1 -1 0 
139 2 914 663 130 111 -1 -1 -1 0 
139 1 1109 666 127 92 -1 -1 -1 0 
140 2 914 663 131 112 -1 -1 -1 0 
140 1 1110 667 126 92 -1 -1 -1 0 
141 2 915 666 130 110 -1 -1 -1 0 
141 1 1111 673 125 88 -1 -1 -1 0 
142 2 913 667 133 110 -1 -1 -1 0 
142 1 1111 672 126 90 -1 -1 -1 0 
143 2 913 668 135 110 -1 -1 -1 0 
143 1 1112 672 125 90 -1 -1 -1 0 
144 11 169 522 289 140 -1 -1 -1 0 
144 2 914 668 133 112 -1 -1 -1 0 
144 1 1112 673 126 92 -1 -1 -1 0 
145 11 168 522 290 140 -1 -1 -1 0 
145 2 914 668 133 113 -1 -1 -1 0 
145 1 1112 675 127 90 -1 -1 -1 0 
146 2 914 668 134 113 -1 -1 -1 0 
146 1 1113 675 126 91 -1 -1 -1 0 
147 2 914 668 136 115 -1 -1 -1 0 
147 1 1115 676 125 90 -1 -1 -1 0 
148 12 2 443 916 400 -1 -1 -1 0 
148 2 913 671 142 115 -1 -1 -1 0 
148 1 1118 680 123 87 -1 -1 -1 0 
149 12 2 441 909 402 -1 -1 -1 0 
149 2 914 670 139 115 -1 -1 -1 0 
149 1 1117 678 124 89 -1 -1 -1 0 
150 2 914 674 142 113 -1 -1 -1 0 
150 1 1117 682 124 86 -1 -1 -1 0 
151 2 914 676 143 112 -1 -1 -1 0 
151 1 1117 682 124 86 -1 -1 -1 0 
152 2 914 675 145 114 -1 -1 -1 0 
152 1 1118 681 124 87 -1 -1 -1 0 
153 13 1629 169 55 80 -1 -1 -1 0 
153 2 914 677 142 115 -1 -1 -1 0 
153 1 1117 679 124 90 -1 -1 -1 0 
154 2 914 678 143 115 -1 -1 -1 0 
154 1 1117 681 126 88 -1 -1 -1 0 
155 2 914 677 144 115 -1 -1 -1 0 
155 1 1117 682 126 87 -1 -1 -1 0 
156 14 1675 130 66 86 -1 -1 -1 0 
156 2 912 677 147 117 -1 -1 -1 0 
156 1 1117 696 127 73 -1 -1 -1 0 
157 14 1691 119 73 83 -1 -1 -1 0 
157 2 912 677 148 118 -1 -1 -1 0 
157 1 1118 694 127 75 -1 -1 -1 0 
158 2 912 669 150 126 -1 -1 -1 0 
158 1 1118 693 127 73 -1 -1 -1 0 
159 2 909 666 154 126 -1 -1 -1 0 
159 1 1118 678 126 87 -1 -1 -1 0 
160 2 909 666 154 127 -1 -1 -1 0 
160 1 1118 684 127 81 -1 -1 -1 0 
161 2 909 663 155 129 -1 -1 -1 0 
161 1 1118 680 127 82 -1 -1 -1 0 
162 2 908 661 157 131 -1 -1 -1 0 
162 1 1120 671 125 88 -1 -1 -1 0 
163 2 906 660 161 133 -1 -1 -1 0 
163 1 1120 671 125 88 -1 -1 -1 0 
164 2 906 660 163 133 -1 -1 -1 0 
164 1 1120 669 125 90 -1 -1 -1 0 
165 2 905 658 167 138 -1 -1 -1 0 
165 1 1121 666 124 92 -1 -1 -1 0 
166 2 904 658 169 139 -1 -1 -1 0 
166 1 1122 664 123 94 -1 -1 -1 0 
167 2 904 658 171 141 -1 -1 -1 0 
167 1 1122 665 123 93 -1 -1 -1 0 
168 2 903 657 173 142 -1 -1 -1 0 
168 1 1123 663 123 93 -1 -1 -1 0 
169 2 903 654 173 145 -1 -1 -1 0 
169 1 1123 661 125 92 -1 -1 -1 0 
170 2 903 652 175 148 -1 -1 -1 0 
170 1 1124 660 125 92 -1 -1 -1 0 
171 15 1047 620 57 90 -1 -1 -1 0 
171 2 902 651 179 149 -1 -1 -1 0 
171 1 1123 657 126 93 -1 -1 -1 0 
172 2 902 649 183 152 -1 -1 -1 0 
172 1 1125 657 125 92 -1 -1 -1 0 
173 2 900 648 190 157 -1 -1 -1 0 
173 1 1126 656 126 92 -1 -1 -1 0 
174 2 900 648 193 158 -1 -1 -1 0 
174 1 1128 655 125 93 -1 -1 -1 0 
175 15 1053 619 55 89 -1 -1 -1 0 
175 2 898 648 198 161 -1 -1 -1 0 
175 1 1128 656 126 92 -1 -1 -1 0 
176 2 897 649 201 169 -1 -1 -1 0 
176 1 1129 658 127 92 -1 -1 -1 0 
177 2 895 649 207 172 -1 -1 -1 0 
177 1 1131 659 127 92 -1 -1 -1 0 
178 2 892 649 213 175 -1 -1 -1 0 
178 1 1133 659 126 92 -1 -1 -1 0 
179 2 892 649 216 177 -1 -1 -1 0 
179 1 1135 659 125 91 -1 -1 -1 0 
180 2 889 648 223 179 -1 -1 -1 0 
180 1 1136 658 125 90 -1 -1 -1 0 
181 2 887 644 229 186 -1 -1 -1 0 
181 1 1138 655 125 91 -1 -1 -1 0 
182 2 886 643 233 188 -1 -1 -1 0 
182 1 1140 653 124 91 -1 -1 -1 0 
183 2 883 640 242 194 -1 -1 -1 0 
183 1 1138 652 126 91 -1 -1 -1 0 
184 2 880 638 247 198 -1 -1 -1 0 
184 1 1142 650 123 91 -1 -1 -1 0 
185 2 876 636 259 205 -1 -1 -1 0 
185 1 1142 648 124 92 -1 -1 -1 0 
186 2 873 635 264 207 -1 -1 -1 0 
186 1 1142 648 124 92 -1 -1 -1 0 
187 2 869 632 272 211 -1 -1 -1 0 
187 1 1141 647 124 91 -1 -1 -1 0 
188 2 863 628 278 220 -1 -1 -1 0 
188 1 1141 644 121 90 -1 -1 -1 0 
189 2 857 624 284 225 -1 -1 -1 0 
189 1 1140 640 119 92 -1 -1 -1 0 
190 2 850 620 293 229 -1 -1 -1 0 
190 1 1137 638 117 92 -1 -1 -1 0 
191 2 835 618 307 239 -1 -1 -1 0 
191 1 1132 637 114 92 -1 -1 -1 0 
192 2 821 620 314 247 -1 -1 -1 0 
192 1 1121 640 117 92 -1 -1 -1 0 
193 2 807 616 317 244 -1 -1 -1 0 
193 1 1109 637 118 92 -1 -1 -1 0 
194 2 785 614 333 251 -1 -1 -1 0 
194 1 1094 635 122 92 -1 -1 -1 0 
195 2 763 614 341 266 -1 -1 -1 0 
195 1 1081 636 115 92 -1 -1 -1 0 
196 2 736 614 353 276 -1 -1 -1 0 
196 1 1058 637 118 92 -1 -1 -1 0 
197 15 1040 638 112 93 -1 -1 -1 0 
197 2 704 616 365 284 -1 -1 -1 0 
198 2 668 615 375 292 -1 -1 -1 0 
198 1 1014 637 112 93 -1 -1 -1 0 
199 15 984 638 112 90 -1 -1 -1 0 
199 2 625 612 390 305 -1 -1 -1 0 
200 2 578 610 398 311 -1 -1 -1 0 
200 1 953 638 108 90 -1 -1 -1 0 
201 2 523 612 406 323 -1 -1 -1 0 
201 1 911 644 110 90 -1 -1 -1 0 
202 2 464 616 413 335 -1 -1 -1 0 
202 1 858 647 121 92 -1 -1 -1 0 
203 2 399 615 437 349 -1 -1 -1 0 
203 1 814 646 120 94 -1 -1 -1 0 
204 2 333 619 456 361 -1 -1 -1 0 
204 1 778 654 111 89 -1 -1 -1 0 
205 16 666 610 52 56 -1 -1 -1 0 
205 2 269 621 463 375 -1 -1 -1 0 
205 1 734 655 109 90 -1 -1 -1 0 
206 2 199 609 481 391 -1 -1 -1 0 
206 1 689 658 108 89 -1 -1 -1 0 
207 17 567 661 81 79 -1 -1 -1 0 
207 2 127 606 498 411 -1 -1 -1 0 
207 1 643 658 110 89 -1 -1 -1 0 
208 17 515 662 93 82 -1 -1 -1 0 
208 2 55 612 511 414 -1 -1 -1 0 
208 1 600 658 110 90 -1 -1 -1 0 
209 17 479 660 89 83 -1 -1 -1 0 
209 2 1 607 513 419 -1 -1 -1 0 
209 1 562 656 108 88 -1 -1 -1 0 
210 17 445 657 88 60 -1 -1 -1 0 
210 2 1 603 469 443 -1 -1 -1 0 
210 1 524 652 110 88 -1 -1 -1 0 
211 17 422 657 76 59 -1 -1 -1 0 
211 1 489 652 110 87 -1 -1 -1 0 
212 18 340 653 49 53 -1 -1 -1 0 
212 17 392 656 76 58 -1 -1 -1 0 
212 2 1 600 372 455 -1 -1 -1 0 
212 1 457 651 111 87 -1 -1 -1 0 
213 18 310 656 52 52 -1 -1 -1 0 
213 17 366 658 72 60 -1 -1 -1 0 
213 2 1 602 325 462 -1 -1 -1 0 
213 1 431 653 107 87 -1 -1 -1 0 
214 18 283 662 55 52 -1 -1 -1 0 
214 17 343 663 70 61 -1 -1 -1 0 
214 2 1 606 284 461 -1 -1 -1 0 
214 1 403 658 108 86 -1 -1 -1 0 
215 19 1 615 238 458 -1 -1 -1 0 
215 18 260 668 56 53 -1 -1 -1 0 
215 17 325 670 67 57 -1 -1 -1 0 
215 2 1 614 239 458 -1 -1 -1 0 
215 1 377 664 111 84 -1 -1 -1 0 
216 20 123 651 131 117 -1 -1 -1 0 
216 19 1 625 196 449 -1 -1 -1 0 
216 18 246 674 58 53 -1 -1 -1 0 
216 17 307 677 70 59 -1 -1 -1 0 
216 1 362 670 107 87 -1 -1 -1 0 
217 20 114 661 123 116 -1 -1 -1 0 
217 18 230 685 56 53 -1 -1 -1 0 
217 17 295 684 62 61 -1 -1 -1 0 
217 1 347 680 106 85 -1 -1 -1 0 
218 21 0 680 118 116 -1 -1 -1 0 
218 20 101 667 124 114 -1 -1 -1 0 
218 18 219 694 54 50 -1 -1 -1 0 
218 17 286 694 62 58 -1 -1 -1 0 
218 1 335 688 106 83 -1 -1 -1 0 
219 20 90 678 124 110 -1 -1 -1 0 
219 18 208 702 55 50 -1 -1 -1 0 
219 17 279 699 59 60 -1 -1 -1 0 
219 1 325 694 105 84 -1 -1 -1 0 
220 20 83 679 124 113 -1 -1 -1 0 
220 18 200 706 57 53 -1 -1 -1 0 
220 17 275 706 58 58 -1 -1 -1 0 
220 1 316 699 106 83 -1 -1 -1 0 
221 20 76 683 124 110 -1 -1 -1 0 
221 18 193 707 62 53 -1 -1 -1 0 
221 17 270 707 58 57 -1 -1 -1 0 
221 1 311 701 104 83 -1 -1 -1 0 
222 21 71 679 123 111 -1 -1 -1 0 
222 18 188 704 63 52 -1 -1 -1 0 
222 17 269 706 54 55 -1 -1 -1 0 
222 1 305 700 104 80 -1 -1 -1 0 
223 23 200 670 65 51 -1 -1 -1 0 
223 22 280 669 53 58 -1 -1 -1 0 
223 20 79 645 127 109 -1 -1 -1 0 
223 1 317 665 104 81 -1 -1 -1 0 
224 20 105 648 132 120 -1 -1 -1 0 
224 1 301 672 148 86 -1 -1 -1 0 
225 24 342 674 52 56 -1 -1 -1 0 
225 23 138 649 125 109 -1 -1 -1 0 
225 22 261 673 65 51 -1 -1 -1 0 
225 1 376 669 103 80 -1 -1 -1 0 
226 26 376 651 52 57 -1 -1 -1 0 
226 25 297 649 64 52 -1 -1 -1 0 
226 20 170 629 128 104 -1 -1 -1 0 
226 1 412 649 102 78 -1 -1 -1 0 
227 25 320 637 64 53 -1 -1 -1 0 
227 20 190 612 129 107 -1 -1 -1 0 
227 1 435 636 101 80 -1 -1 -1 0 
228 25 343 642 64 51 -1 -1 -1 0 
228 20 212 613 128 109 -1 -1 -1 0 
228 1 455 640 101 81 -1 -1 -1 0 
229 26 368 633 64 52 -1 -1 -1 0 
229 20 240 608 124 107 -1 -1 -1 0 
229 1 481 632 102 82 -1 -1 -1 0 
230 27 511 628 101 81 -1 -1 -1 0 
230 26 398 628 64 52 -1 -1 -1 0 
230 20 265 601 132 110 -1 -1 -1 0 
230 1 480 631 53 58 -1 -1 -1 0 
231 27 513 631 45 55 -1 -1 -1 0 
231 26 426 629 67 51 -1 -1 -1 0 
231 20 294 600 134 110 -1 -1 -1 0 
231 15 541 630 101 80 -1 -1 -1 0 
232 20 324 609 132 111 -1 -1 -1 0 
232 15 570 635 102 80 -1 -1 -1 0 
232 1 457 635 66 53 -1 -1 -1 0 
233 27 484 643 67 51 -1 -1 -1 0 
233 20 351 614 131 110 -1 -1 -1 0 
233 15 600 639 99 80 -1 -1 -1 0 
234 27 506 646 69 52 -1 -1 -1 0 
234 20 370 621 135 109 -1 -1 -1 0 
234 15 619 644 101 78 -1 -1 -1 0 
235 27 519 647 67 52 -1 -1 -1 0 
235 20 381 620 138 110 -1 -1 -1 0 
235 15 630 645 104 78 -1 -1 -1 0 
236 28 635 648 104 79 -1 -1 -1 0 
236 27 522 650 72 53 -1 -1 -1 0 
236 20 387 625 137 108 -1 -1 -1 0 
236 15 615 651 37 58 -1 -1 -1 0 
237 28 634 648 103 79 -1 -1 -1 0 
237 27 521 651 71 52 -1 -1 -1 0 
237 20 386 626 137 106 -1 -1 -1 0 
238 28 618 647 112 79 -1 -1 -1 0 
238 27 519 650 67 52 -1 -1 -1 0 
238 20 379 622 140 111 -1 -1 -1 0 
239 28 611 651 113 76 -1 -1 -1 0 
239 27 512 651 66 52 -1 -1 -1 0 
239 20 374 627 133 106 -1 -1 -1 0 
240 28 606 653 111 79 -1 -1 -1 0 
240 27 507 655 67 52 -1 -1 -1 0 
240 20 367 629 137 108 -1 -1 -1 0 
241 28 607 655 108 77 -1 -1 -1 0 
241 27 504 656 69 53 -1 -1 -1 0 
241 20 365 632 136 107 -1 -1 -1 0 
242 28 607 654 109 78 -1 -1 -1 0 
242 25 508 656 67 53 -1 -1 -1 0 
242 20 366 631 139 108 -1 -1 -1 0 
243 28 610 651 109 76 -1 -1 -1 0 
243 25 512 652 65 52 -1 -1 -1 0 
243 20 370 628 136 107 -1 -1 -1 0 
244 28 615 649 108 76 -1 -1 -1 0 
244 25 513 651 69 52 -1 -1 -1 0 
244 20 374 629 132 104 -1 -1 -1 0 
245 29 1822 655 97 417 -1 -1 -1 0 
245 28 620 647 105 77 -1 -1 -1 0 
245 25 518 649 66 53 -1 -1 -1 0 
245 20 379 626 129 105 -1 -1 -1 0 
246 28 619 643 107 77 -1 -1 -1 0 
246 25 519 645 67 51 -1 -1 -1 0 
246 20 378 619 131 108 -1 -1 -1 0 
247 30 575 640 45 44 -1 -1 -1 0 
247 28 621 639 104 77 -1 -1 -1 0 
247 25 517 639 69 53 -1 -1 -1 0 
247 20 375 615 134 107 -1 -1 -1 0 
248 29 1763 538 156 526 -1 -1 -1 0 
248 28 620 634 103 76 -1 -1 -1 0 
248 25 517 634 67 53 -1 -1 -1 0 
248 20 372 608 135 108 -1 -1 -1 0 
249 29 1741 490 178 573 -1 -1 -1 0 
249 28 613 629 106 74 -1 -1 -1 0 
249 25 515 630 65 51 -1 -1 -1 0 
249 20 371 604 134 107 -1 -1 -1 0 
250 30 571 627 43 43 -1 -1 -1 0 
250 29 1716 459 203 608 -1 -1 -1 0 
250 25 511 625 65 53 -1 -1 -1 0 
250 20 367 600 131 107 -1 -1 -1 0 
250 16 611 626 105 74 -1 -1 -1 0 
251 29 1696 435 223 632 -1 -1 -1 0 
251 28 610 627 104 73 -1 -1 -1 0 
251 25 509 625 67 53 -1 -1 -1 0 
251 20 366 600 132 108 -1 -1 -1 0 
252 31 1672 413 247 654 -1 -1 -1 0 
252 29 1673 411 246 654 -1 -1 -1 0 
252 28 610 629 102 71 -1 -1 -1 0 
252 25 507 627 67 52 -1 -1 -1 0 
252 20 364 602 137 107 -1 -1 -1 0 
253 31 1652 391 267 673 -1 -1 -1 0 
253 30 560 626 49 47 -1 -1 -1 0 
253 28 609 631 102 72 -1 -1 -1 0 
253 25 505 630 68 51 -1 -1 -1 0 
253 20 363 605 134 106 -1 -1 -1 0 
254 29 1628 379 291 687 -1 -1 -1 0 
254 28 609 633 100 72 -1 -1 -1 0 
254 25 501 632 72 53 -1 -1 -1 0 
254 20 362 608 135 106 -1 -1 -1 0 
255 30 558 633 52 45 -1 -1 -1 0 
255 29 1603 371 315 695 -1 -1 -1 0 
255 28 607 635 100 73 -1 -1 -1 0 
255 25 499 634 74 53 -1 -1 -1 0 
255 20 365 610 134 106 -1 -1 -1 0 
256 30 558 636 50 45 -1 -1 -1 0 
256 29 1578 363 340 704 -1 -1 -1 0 
256 28 604 637 101 73 -1 -1 -1 0 
256 25 496 637 75 53 -1 -1 -1 0 
256 20 361 614 135 104 -1 -1 -1 0 
257 30 554 640 51 43 -1 -1 -1 0 
257 29 1549 352 369 716 -1 -1 -1 0 
257 25 494 638 72 54 -1 -1 -1 0 
257 20 359 615 134 106 -1 -1 -1 0 
257 16 601 639 100 74 -1 -1 -1 0 
258 30 548 639 52 46 -1 -1 -1 0 
258 29 1521 346 397 723 -1 -1 -1 0 
258 28 596 642 99 73 -1 -1 -1 0 
258 25 488 640 73 53 -1 -1 -1 0 
258 20 355 618 132 104 -1 -1 -1 0 
259 30 545 640 48 46 -1 -1 -1 0 
259 29 1489 341 429 731 -1 -1 -1 0 
259 28 590 644 97 71 -1 -1 -1 0 
259 25 484 641 69 53 -1 -1 -1 0 
259 20 347 619 138 103 -1 -1 -1 0 
260 30 538 642 48 43 -1 -1 -1 0 
260 29 1464 329 455 743 -1 -1 -1 0 
260 28 582 642 98 73 -1 -1 -1 0 
260 25 476 641 70 53 -1 -1 -1 0 
260 20 342 619 137 103 -1 -1 -1 0 
261 30 527 640 48 47 -1 -1 -1 0 
261 29 1428 321 491 750 -1 -1 -1 0 
261 28 573 642 99 74 -1 -1 -1 0 
261 25 467 640 70 54 -1 -1 -1 0 
261 20 335 618 135 103 -1 -1 -1 0 
262 30 522 640 48 45 -1 -1 -1 0 
262 29 1396 307 523 762 -1 -1 -1 0 
262 28 564 642 98 72 -1 -1 -1 0 
262 25 462 641 64 53 -1 -1 -1 0 
262 20 328 619 135 102 -1 -1 -1 0 
263 30 512 640 48 43 -1 -1 -1 0 
263 29 1367 292 551 778 -1 -1 -1 0 
263 28 556 641 97 71 -1 -1 -1 0 
263 20 319 618 137 102 -1 -1 -1 0 
263 1 452 638 70 54 -1 -1 -1 0 
264 30 503 640 49 43 -1 -1 -1 0 
264 29 1335 278 583 791 -1 -1 -1 0 
264 28 549 641 92 70 -1 -1 -1 0 
264 25 445 638 68 52 -1 -1 -1 0 
264 20 315 618 134 103 -1 -1 -1 0 
265 30 486 638 51 45 -1 -1 -1 0 
265 29 1284 260 634 809 -1 -1 -1 0 
265 28 533 640 92 70 -1 -1 -1 0 
265 25 430 639 65 52 -1 -1 -1 0 
265 20 300 618 137 100 -1 -1 -1 0 
266 30 485 638 52 44 -1 -1 -1 0 
266 29 1284 260 634 809 -1 -1 -1 0 
266 28 532 640 93 70 -1 -1 -1 0 
266 20 300 617 137 101 -1 -1 -1 0 
266 1 432 638 64 53 -1 -1 -1 0 
267 30 479 640 49 42 -1 -1 -1 0 
267 29 1255 252 663 819 -1 -1 -1 0 
267 28 526 640 92 71 -1 -1 -1 0 
267 25 426 637 62 53 -1 -1 -1 0 
267 20 295 619 136 100 -1 -1 -1 0 
268 30 475 639 48 45 -1 -1 -1 0 
268 29 1230 254 688 818 -1 -1 -1 0 
268 28 520 640 91 70 -1 -1 -1 0 
268 20 292 619 136 99 -1 -1 -1 0 
268 1 419 639 59 55 -1 -1 -1 0 
269 30 465 641 51 42 -1 -1 -1 0 
269 29 1205 257 713 817 -1 -1 -1 0 
269 28 513 642 90 69 -1 -1 -1 0 
269 20 286 620 135 100 -1 -1 -1 0 
269 1 414 640 60 54 -1 -1 -1 0 
270 30 458 642 53 41 -1 -1 -1 0 
270 29 1186 261 731 815 -1 -1 -1 0 
270 28 507 644 91 69 -1 -1 -1 0 
270 20 282 620 135 101 -1 -1 -1 0 
270 1 410 640 58 54 -1 -1 -1 0 
271 30 449 642 51 45 -1 -1 -1 0 
271 29 1160 264 757 808 -1 -1 -1 0 
271 28 502 645 88 69 -1 -1 -1 0 
271 20 282 621 131 101 -1 -1 -1 0 
271 1 405 643 58 51 -1 -1 -1 0 
272 30 441 643 58 44 -1 -1 -1 0 
272 29 1141 271 778 802 -1 -1 -1 0 
272 28 496 644 90 71 -1 -1 -1 0 
272 20 277 624 131 98 -1 -1 -1 0 
272 1 401 644 53 51 -1 -1 -1 0 
273 30 441 644 53 41 -1 -1 -1 0 
273 29 1124 276 794 799 -1 -1 -1 0 
273 28 491 645 88 70 -1 -1 -1 0 
273 20 273 624 133 98 -1 -1 -1 0 
273 1 397 644 54 52 -1 -1 -1 0 
274 30 439 644 49 42 -1 -1 -1 0 
274 29 1105 283 813 793 -1 -1 -1 0 
274 28 487 644 88 71 -1 -1 -1 0 
274 20 272 624 132 98 -1 -1 -1 0 
274 1 391 645 56 50 -1 -1 -1 0 
275 30 436 642 54 42 -1 -1 -1 0 
275 29 1090 285 826 787 -1 -1 -1 0 
275 28 483 644 88 69 -1 -1 -1 0 
275 1 389 642 54 53 -1 -1 -1 0 
276 30 426 640 55 46 -1 -1 -1 0 
276 29 1077 285 840 791 -1 -1 -1 0 
276 28 480 643 87 69 -1 -1 -1 0 
276 20 271 623 129 97 -1 -1 -1 0 
276 1 387 640 53 54 -1 -1 -1 0 
277 30 427 641 51 42 -1 -1 -1 0 
277 29 1062 293 856 779 -1 -1 -1 0 
277 28 476 642 87 69 -1 -1 -1 0 
277 20 268 622 129 97 -1 -1 -1 0 
277 1 388 640 48 53 -1 -1 -1 0 
278 30 425 640 53 43 -1 -1 -1 0 
278 29 1048 294 870 777 -1 -1 -1 0 
278 28 473 640 87 70 -1 -1 -1 0 
278 20 266 621 130 96 -1 -1 -1 0 
278 1 377 641 55 47 -1 -1 -1 0 
279 30 422 638 52 44 -1 -1 -1 0 
279 29 1033 298 885 773 -1 -1 -1 0 
279 28 471 640 84 68 -1 -1 -1 0 
279 20 266 619 130 97 -1 -1 -1 0 
279 1 374 638 55 49 -1 -1 -1 0 
280 30 419 638 49 43 -1 -1 -1 0 
280 29 1020 299 898 773 -1 -1 -1 0 
280 28 467 640 84 67 -1 -1 -1 0 
280 25 377 639 50 47 -1 -1 -1 0 
280 20 266 621 127 94 -1 -1 -1 0 
281 29 1010 301 908 771 -1 -1 -1 0 
281 28 462 640 87 67 -1 -1 -1 0 
281 25 381 639 41 47 -1 -1 -1 0 
281 20 263 620 128 94 -1 -1 -1 0 
282 30 411 638 53 43 -1 -1 -1 0 
282 29 996 303 922 768 -1 -1 -1 0 
282 28 460 639 84 69 -1 -1 -1 0 
282 25 374 637 45 51 -1 -1 -1 0 
282 20 265 620 124 94 -1 -1 -1 0 
283 30 408 638 51 43 -1 -1 -1 0 
283 29 987 306 931 766 -1 -1 -1 0 
283 28 458 639 83 69 -1 -1 -1 0 
283 25 370 637 45 50 -1 -1 -1 0 
283 20 263 620 125 94 -1 -1 -1 0 
284 30 407 639 51 42 -1 -1 -1 0 
284 29 973 308 945 765 -1 -1 -1 0 
284 28 455 640 82 67 -1 -1 -1 0 
284 20 264 620 124 93 -1 -1 -1 0 
284 1 374 639 39 49 -1 -1 -1 0 
285 30 402 639 49 43 -1 -1 -1 0 
285 29 962 308 956 765 -1 -1 -1 0 
285 28 450 637 85 70 -1 -1 -1 0 
285 20 262 621 124 92 -1 -1 -1 0 
285 1 373 638 38 50 -1 -1 -1 0 
286 30 401 639 50 42 -1 -1 -1 0 
286 29 951 310 967 764 -1 -1 -1 0 
286 28 449 641 82 66 -1 -1 -1 0 
286 20 261 620 124 93 -1 -1 -1 0 
286 1 372 637 37 49 -1 -1 -1 0 
287 30 399 639 51 41 -1 -1 -1 0 
287 29 942 310 976 764 -1 -1 -1 0 
287 28 446 639 81 68 -1 -1 -1 0 
287 20 263 621 121 91 -1 -1 -1 0 
288 30 397 640 49 40 -1 -1 -1 0 
288 29 931 311 986 763 -1 -1 -1 0 
288 28 443 640 82 67 -1 -1 -1 0 
288 20 263 622 122 91 -1 -1 -1 0 
289 29 921 311 995 763 -1 -1 -1 0 
289 28 441 640 82 68 -1 -1 -1 0 
289 20 263 623 123 91 -1 -1 -1 0 
290 31 910 310 1008 763 -1 -1 -1 0 
290 29 912 310 1004 764 -1 -1 -1 0 
290 28 438 641 83 67 -1 -1 -1 0 
290 20 264 623 123 91 -1 -1 -1 0 
291 31 901 310 1017 763 -1 -1 -1 0 
291 30 376 639 60 45 -1 -1 -1 0 
291 29 903 310 1012 763 -1 -1 -1 0 
291 28 437 643 81 64 -1 -1 -1 0 
291 20 264 625 124 89 -1 -1 -1 0 
292 30 389 640 53 42 -1 -1 -1 0 
292 29 899 309 1014 763 -1 -1 -1 0 
292 28 435 642 80 65 -1 -1 -1 0 
292 20 265 627 122 87 -1 -1 -1 0 
293 31 889 311 1021 761 -1 -1 -1 0 
293 30 375 638 60 43 -1 -1 -1 0 
293 28 433 641 80 66 -1 -1 -1 0 
293 20 265 626 122 87 -1 -1 -1 0 
294 31 882 312 1026 760 -1 -1 -1 0 
294 30 382 639 53 42 -1 -1 -1 0 
294 28 431 641 81 66 -1 -1 -1 0 
294 20 266 626 121 87 -1 -1 -1 0 
